544611123131461715341411271353635151515335122158611336476148348778436382521167743275166634227758333614434221217256627554165443316443534211453
663635426335622721222454357737412226878625184546618766386221541247824481537273154322282382741846453432718776246762152515521117666462463411663
612354524523332474575331744121533755141845178365542823533635436387642174875263142884251157553531662556686473615131271611612225163317535235336
125653253617772412346542632322225684713858257336546532261172227746722747852734481581424727526866322686473642322674432414653171415763164456326
665555562351111265554372256156741557361786573468744518468511386121447874621231261811174667753431435313585128116264354732243671665166763622616
112551466667441641521735661226212327685257544662173144332236121114248833576166327232332762318163372477531353843285714526234723745445654325635
435123322133663773175521363812216162716217642441315611716841663691786314816745773276748776774278273436665468544317223164667326376216412233431
264435141335131312176146125537543886555644785428427636657738557378312663547332772116231125476646442162431458414134874622726575372237535655154
364545154252541141623316672245886523325146381175357763649635243331819291673318943757641327227431561428633314383588575423526644166765464443452
455151416331433564614231437611448651423343747325884671845826851779229198687825241364397697325511285546425585431646428627156464162517525146345
452652127777221436712252482488128141578715783711677195492925447493458959457352127938114645319484473337886685553341743438375436467744542623315
623247553511727323562453872141457243445658814137766361583468753845144841547818598571284299579739284541251875121712445181482774143162454337647
372763573336335776678528464741215587377367583821834367973355358188546555664116625221196993128375618522858525548677822564513135265717512622662
253172763757113544653645738377184234722151555365493418221952887361724733586624256861685821238582389155733584447372472561766277212512625556731
762416536512772111187686681585341144828161479815246567859968751338215615251697545999954875346418914752165553473413137816482365114725175225113
221633366173336622434334424366876432136714593567121181567313852436921219848638965181916557592384329988178846531384571134135156824426677626546
563277571323676718636266522115375773478223948397975728363944247952371265465663865465855132415728734843879644124224625114187864744321123546257
255653676375465265114652633858684623891754715837548879661727393199744398543479746842758526664626637475662715882614566723153226377573454775671
271523747172448453267258476516414781448772429621773125922756186776839272345514827945597489995294587726166681264383687375478143868624647317142
724614742641753683143546856375553332313619496763794389396784869263493834326482446622949811228336445949749685661667752315654474223635455435646
327422337665758856461854786578256686918931862895826111851211376673979332667882287868292163832972533957155231685866516363172774261252214146146
122636671216275785588533484514988819678556547243982672347983334842352899842254653443883169289684429567387252649776574438137462378871211327742
126656347544358278257538315565636527122925717263431822676543954634887523333252855945858883678267247373224194975865922244474355217753263225221
115176356227862778382344226172331768417968719572858495954374259223946598253392598383296787547174431125625938648632776152446544442711124574617
425565456682264552872662681825899689687234967157256367247859338949293395365594232347797235473245767572618114564388354442727261123347152267221
142451431653255373335777352517832925213857696683268332264487862738223883455995778223452245527357778388855559657934975878265646782136183563264
573524757765633684584741665929935317165588839947984593856543985599293325547488487276259986283497263822666183673871926262346513686617374513254
517576733855733817216733759675555955764836575534828334737686845858346989675982494665843984644757748761941143835273151592856661567753353773455
277313724278774227424585877178361315389651843423367384937249494758633342393586385835767995685493987386373929412674974493235214314332517152432
425551578474428181417313982771319341589926742292686733946526896979875257434972955565227967668768956566511268233217286591528365565612116478244
651338667675562254181784971853383789531635837346433594922782724563634987694348723638979366468585386952234622753357972435888565724237748317645
367364558635146153355759999172154168865833523369438734534597955829823269887886993232652474868342922722994432531378333681346278336527514856114
434676885812872576728157245589637598869289274924932954527368585874968988548429832723698545487928486927487537617745673849143442888318445637567
517667176172536125746257817856244356275372777455429899867594747848883745835785953277452375975564963432683277697592694482259946423851774735772
417368544537532274234311846349172772928644673896275872774578955869986759453354944458799397825325856556572557553455988861273416524787156417713
325175145877618283357272217378239462945859576233386288923548939539473957356574648485468942658453696738759985545123557599675311764877145213125
557434846623176536772168477653179956367633556738387489764574485536996966684965895843949674934797569647769946824229673198317447262285185576752
721823654713464271637949823917379232799757843367575933685875567665568357683543736767365779794884896855284298468164195227819552521861672268512
467338221147174544258444961946826362783377426473894743576976383688868984735779363588466736739779769893547327625469126646181875327774365186728
328374351871373931689332484213822638622249258493764655665833737345463494363757339465367774849668295723866222877261418632215764516728151753616
136568653257677245885185143574543742877635275933436699695583475876383887533437958979868398833986689276554949426395339222434223448488546735458
163563486432563524923438819218392927735896985455767637557744354384543555556475948768847635798599597373288627264362815181758926578131513588412
361664338741172268761671916234888288835955592495983397373566883476545965344933485586598374497334958285492533937234825229258956622366357548522
184462316433191189443123917663462287873994847359679767488944546853543489375977469659865436774944457334333937247968483141214643697596175783277
233423173535134697149982991597968355489249763747666345379687499947334948737339968467567847368545387625268244779498378346733932872897415747526
575222455666443495633692524359586979778352467744854646996668438673686855763546934366677575989696988746968224563836929257527667136748451654613
583858881359629627385957698293527726339276993475648693353867677598657569674955857634539646858485374559557562738463752749835672594717768271723
371888172228967199311393453726625797457434869938495949836795648896644856868946756459973367558345576946627335556532685532666222666283355562745
731578718871418283568249396247344572768268668969664639835555697758566648584484889545876649775478389846963356746277635599744791818858745157146
263836872437798346453346445326856962232545758388644599497696965888689859855477445799473779543469877436349226366675795672111857734956442318685
156433515746627379697383344698338344365999375736739936537957778566964454457875759647485934734465895587394533469877978578141911929473945458182
563356475157511751393332492528434565894695875369335666798869689965489474876997968757488893935753776836639762647959629294258951588349331236338
385443338914128289217188776982395852495663477866896749695646555866756977598799545779749965738949458845984492728387632279193177984888367281561
268435457166276784225564242777753344548785775994675749499795946455596664476978665699989997639436989885868644376828396898214184164829956863224
681722838887871769572498839824584566445577764634398985964587576466846758594779565986644858898768979356439539939348389586528779611281974737467
544452588665524574444444868287868424587487375583883944995889598489584489675545587997994758945788683763786769966563289564954228712118831715165
367658453135248828132438795545963774376369749767478576989644749659848858679889876759964568497884964863437373685295882289624485141158617726226
474287222464592943161289624237698657494835433854895796497476444749694946597549459665785648999546999963654498469926332843425855634471837681261
762627478662378117797727883638274838986835733873596467646789799469964595547969767576658885677574876594353378896695344939281247833594486974624
375252129153828614514787697786676297763885675958687479998878795875787678998685956756698464657844799975436999854262294323279151935851455978753
587772368922665242219724633564742948699764975586878876469575478965655859579758785589668854578774977454756573836556227789966919459135972527442
261677158161883151325979633963397658383769734395969878456959676665678687566599988989585445879869668666498996537766296688742722738417951653334
873267256111714354456564833998292763659695567645858769774489579656877966899966589654947464454589937469367459497429464373364993388127889285123
472112345415272176914525224465232489857858667874876459999959855587695998676858956594589646774786974745784863376925272487657299992422559743822
116828926796319239592667255278762766584785386454467949664464697695777757978796688988597897497456497357384364974946567963354426612329686514288
768338967427841114894755744276635466347746496595589779879664878688969886579688685568468449568894935688378876655272986234923641315523267312414
365173137549444794149393827737862877674983838679576775494966768979857586559758697669645676976789678938379995384924846856785649485237148731881
367376596777675591428335692245785836577599535657477847549759886686779968898699758559664655854598486485353893947487864839952361958348366967576
652663627789775776852623933324843646978545485854477475868478968995675577965959578876647864844764934987967333544455692652763355941618237112637
225247419981382989842532456632287598555589538495678589745947796558789998697978965569476554688587643554886638668427579249747534944671475266283
867446796216926789169837875998364446838487865989457557547959879856669575765578779777854746764548689969985985675629428553773825815464295648268
778684936279279971965947858878554434778985748598989459599958556655898986656976566859788794685555689787874868537797599577892669272195436887652
141672441882148752964798774978744594337574467947446899498995676767556655659758796689887468849698687654349546474462547286943976788983672377128
877144838339522571585886938393487746453466684869864847948979975975657658579559658875476759969459959758537786744523952384435399124826874973566
468775919737378249567883297872868538344667755974665844667956878885668696975776796588749787669966888556556496779664323836652917226432594534366
514561459118261464769799783432397346554547577684486484778475658766856565995659579789545794768759667436666655748549577647989851893141456333882
378757564863449277884647776924947375888559973848586968979647587665955996787689758959976585944959645594367595996689228377723313794282775427181
558611726339349813137773844946955485889933843775779678994789755599757679875699679598797598755686963669756688832986858842292632975871673661286
274323798857721979478362252222865333448589393686545546785564975655876599697578668879548747657578585784587933699823792868497585214446143448345
616512618311619267277397288883374397845966669768848599989595656965758897876657567774595669649845768578378594984666678935529219573558889364151
786332644488427393922295588825994633839934479468795554695566458657598599865678966856745555867644749536776537483937329492895911362343293428877
486843612732893872635484356443896437886845545584997799844889555567555985578767765497494768996846538687559463372599937849838165142815665527486
116564269859251229444927847624768553786954538388789459476684659496887985559588757667676859864675556546478975659838936489828198836555198216314
166737739444581324891996724797865255867745939495744764677466948567765978869895878697678494847744637966863545527448599444762976595585396716224
884872824463717894416423565485848363349333768486367789564496956954497797566744467998977744996535934943556699469873544788335689713877963712157
421141833629218263182855873458637648897635954665557975566446665675978664989574958666476799464457635937654788729687338776831938647668185217775
644871319744158192999539342434769324679956495593334458994479557699699887457749756969468568779983758977855848663992677778849366678539497746636
753663225236529537133586395884543644549874389764435569468974899487676698584486455495784996645646575345468985968882783292461112353445726436573
675224416543537315233262447858928396733547485669965369997788994866679864947595496565557779597738394685494883683737397462465558579651696358624
363825427222624843259638462453355326639965874883546698759546487548748885677594588899958877439383484959833576595425746288456543982222584537575
732236715274595749511837449826647395264999863453557436596584668969886654986456865844775984466479849565694989369454369258213779535374295872176
766638846645677422274135625897666384869466936693483464588884779674656499886696847478946787485644637377567334765559622926634228184917758578477
362617132378894632789375686284559692565839838785439893384449796777577889974586798689689646988693699534488238454765882591549998128125414874552
341435142265451679197272772526724677425938684489844888745965958589847786844866775454845838796573555745592247883882886786315175657336124141335
642185276386239718373371884929996766775655559569458993489944947975475557587559467964844579336478673758557852586963474793496739439934132362365
763525216254469215792621252672259574299246363675465737846573466955496688769565544898386488373647448654535992483338938939457284318829432654457
452437131625248542855445825445437239569457468435695944648367896567759666446886587377439854338586787859872547953449323482896183178661262867266
884786454717748663998436262983787753756756434798384467557463378486985995674338538638894756994675447544492268269448234347119622475763453341258
676378761886792978936273751999376925677759984783498978786947546558764557965337337776778974594958757687833229969473972411355573999188655327326
716748875413894137813222366468292877783275394675784595584696954683995854895765943494558937737744848269744577466626346315369556573138626148267
244513638122675978278395629246287296737658978583939374659679856493969668798773444874597689584748875487592486885788356463632822429487847525388
526718153765365228781725532925762569726826532454967698597344487375768534476839863553587863963649835645673822688779413387461678316285521125185
841364768431263613964285845752545367456596585846574379793653938387735576966893697555656856365334558428976537883568761334167576858855614418126
578176576734174664291488957624476799827885479432354534965983869445537654869739758639583333754477782937365865667555262424166359355283711212533
242761543162242283856164156432268248984824456587466784353935735695685387843775636634589465645646362936939977435332781387977151757374753122273
126216672855878148795918619265665523468943397537364547459464835556383438864996936965997735736637298977894495494569837631957266466418434576162
641316821176368766124495853718565876293693497597773925484586963478486667738468648688353573259243843349345463927298399516447384633647442583522
116165456245886816181925722432952396945823422589577399889897483487957984796988436757768769326368624254569982354399149724146976885152881323217
246443682546256744861527919789176999736275873549955225325535353758943384387655977833899662477888573769678553614383849996926954626837165768716
254283524317268171815525591589555841257443482999237796644774545479364353496546637952347923349734793333628226582231772748433782373758211476471
614144457711628412141465256992259535247748372888629797347744828587244879663728494497833445536577432362537559879149174242837841717887757513255
512681252736375123232886341781295562266966599896636936237423298843342944598478799322832659232693296228443132626579791599335826252353756216744
432538423856833435713464184455638263596694648445842934476734472884264683372345798279535498426243597328884668877232637334282454375238114857651
564533645388582651641394175855264586211655349989784352972425672932334275957873927468328323458978645279475712362878453218691748616877611138176
472127232452436637246189173656276981827928545948946969275223734748255946974673487554966243438287275772662819267169991635155123358432484256573
635453134656165556351824893737789125262272736493764479376996545655857268694636722677872885286358468234867648846653831776178776317854588835724
577162646237527126432751993319627916282331235974266323829885785759352274843738258673438252668993244698448564761989555781453836253854561816542
267643257487532153137211261393153588426867389776693257954987253795822242649373333725293858594924981222354677413818143921558766233265487547371
124655562846648162314383115688692834741512254349938793593688992276659693756282887586599687333298918126187129692863149617884668435383733713731
152713642564734283876641848658276124174183265981699586837552378578656327786742284658529944229513816872672266272787251137261628754776523432541
221716357643533356243722364755542957761972338579929446544968248793355576623748379488886652526452614619712443517933461838717863738457366667441
777676513574274333266715541646695763844416588753597687567894276455582737966452484899846791925874491997339918934268588115525544818517554126311
441752661127628666515445711175515346267977659371656992637217726488395924864869648998568171456622116727918933755316326561516753151625537657726
665216743346655565185788135422887292127965876171828253829777626371947774946673373178896169375624456544667656532841153642241576467637147342767
136623463222325645551271315162475958627627943534821528877697634643222925545627699243116645347813719715653426387572148171424284224472566115726
152463416355425666142218327843777671253948839262697974881165256679373197318252277164551728556657474494468438334418468674745543673442766172264
415562466777756347416814875424333552762392354264187329972437271969692482183799691881447398883939271235881335626563626633657188317466212666264
235242324523765323366415466685717623118345338581634223937792862712411313189476868739465414933792362183851713423854216645887317574331251563123
471265155575125567486423846883115121581792638362991182523544987864212716429958626234784294122381411313211447151247853248257652226552427156616
462453245361427551576372347388332865234729442784166554623755869471629833763953484143335472824494417628647614321885631247884773356775444624242
256656417224666563726343187841126311752387493976327395811493983435658726464594357675152431871916661754515622665858438347665133537362621535746
436662432622415117547141644847845211371168426573919916655313899672567864281656457263229886699834712156826168452886534331356126411745146773636
113226716356756651221462858775166738652477786277861473768843899433955837797782173198572635988278316237515878231835116571241271371633711556214
263347474731567232236428741522164251512785187548111356318461374451835997933287362647339616412432763742174536525817662363511151525564442755232
154524742213146331646273188664344244322746356335362625284462369675837644126982637342512531877218636236522318774856317327165766322616411537125
155336277264467332223434142548161682616878874532348382377651948415995947771324891518147873747676673235862437178215125615643537662312637222421
666621233315344447454132717317683737584261811251612218267827262613952166393478566556448682264128725572813535162227777633645214343514452421221
114261514712764472671716677211815577671866243352474572774685164752335284132443368755718621162364228838121778735837537355632551275324364555641
564235416611744357573166154765542476827723264521612613278441218534255586825342166276766585538426138835884134236227622235752464251252336445132
213266534424275421416277643712717313685416417288473153473567222546116827386355354748853366477754286753756528368421357651413463663737313416544
524456442222241725231454254464415783288235443253712375137166361347476518581333177436683466272263663125833231761636467272525323351245263652244